id	B cells naive	B cells memory	Plasma cells	T cells CD8	T cells CD4 naive	T cells CD4 memory resting	T cells CD4 memory activated	T cells follicular helper	T cells regulatory (Tregs)	T cells gamma delta	NK cells resting	NK cells activated	Monocytes	Macrophages M0	Macrophages M1	Macrophages M2	Dendritic cells resting	Dendritic cells activated	Mast cells resting	Mast cells activated	Eosinophils	Neutrophils
GSE138260_GSM4103871_Control	0.0196898743523644	0	0	0.00358729078143121	0	0	0	0.0444008951264576	0	0	0	0.0211488474221314	0.0790704350247766	0.022182088223343	0.243587756693398	0	0	0	0	0.528811028973025	0	0.0375217834030726
GSE138260_GSM4103879_Control	0.0346246619869556	0	0.0916341111253635	0.225999311292201	0.116266857064018	0	0.0678023879561144	0.0100050492969967	0.134569532018153	0.0252173408192389	0	0.0385169761693631	0	0.0835157210275377	0.0386776394877007	0.00879396272654839	0	0	0.07965859147968	0	0.00801551593948806	0.0367023416106403
GSE138260_GSM4103852_Treat	0.174230360410249	0	0.192067840004662	0.254948749333884	0	0	0	0.191710475277376	0	0	0	0.06383040705945	0.023774868417715	0.0838696080044527	0	0	0	0	0.0155676914922115	0	0	0
GSE138260_GSM4103853_Treat	0	0.0876116043254962	0.0858296797102533	0.0448760066089103	0	0	0.0120913915960197	0.0126531283377562	0.000455274514845627	0	0.0552680355960122	0.0351115240459982	0.18223007876799	0.0748658529529175	0.0539453768995675	0.149822972601249	0.0133609875408591	0	0.135334595038869	0	0.0144809801510436	0.0420625113122124
GSE138260_GSM4103854_Treat	0.332340809205414	0	0.137709536927926	0.0374728470742885	0	0	0.0400418345389254	0.214201470117994	0	0.00380219815810605	0	0	0.117548570057942	0.0735926788820137	0	0	0	0	0.0351226850326591	0	0	0.00816737000473065
GSE138260_GSM4103855_Treat	0.212620062880224	0.0308397571414608	0.0645093504492677	0.0922703650692228	0.00916760873271409	0	0.141628085832774	0.168888476663642	0	0	0.0069424505661749	0	0	0.0994222697412793	0.0256392710864912	0.0782239875452886	0	0	0.0698483142914612	0	0	0
GSE138260_GSM4103857_Treat	0.14272936329843	0.0659867905443757	0.0691550472687004	0.0170828845846138	0.0784174888319208	0	0.0699975105467688	0.0223386025140083	0	0.00657858779059386	0	0.0679756746693315	0.0869364268706305	0.0912264516248064	0.00061888988584382	0.113895373307144	0	0	0.0672072703414403	0	0.0423857851380521	0.05746785278334
GSE138260_GSM4103858_Treat	0	0.037723754709458	0.144869997493765	0	0.0209830778499978	0	0	0.0404998792128651	0	0	0.065014989601334	0.00900020095354508	0.466164249554139	0.145905584416424	0	0	0	0.0074135053280017	0.00807953516129014	0.000841839162965409	0.0535033865562153	0
GSE143951_GSM4277193_Control	0.124542577229127	0	0.237936457140725	0	0.105130676440855	0	0.0322743745962937	0.010636334882865	0.0903631277841985	0	0.028342013092611	0.0174520131827537	0.0928212227746265	0.181235607201162	0	0.0308596922930129	0.00280778964601306	0	0.00706637243014169	0	0.0385317413056149	0
GSE143951_GSM4277194_Treat	0.147173501066301	0	0.281783829067837	0	0.148523319984003	0	0.0119713386630812	0.0277023826819355	0	0.0247349803058582	0	0.059102548421173	0.0686392510825348	0.13108537383868	0.0337947619946593	0.0148627391787569	0	0	0.0506259737151802	0	0	0
GSE143951_GSM4277196_Treat	0.328666574486174	0	0.128496511860646	0	0.0971971538606283	0	0.0239179849072085	0.0328842998796421	0	0.110667268548719	0	0.0521208000175252	0.0841145083159989	0.0715835097110753	0	0.0113462105884447	0	0	0	0.0196067943228136	0.0170553884148575	0.0223429950862674
GSE5281_GSM119617_Control	0.13625542953036	0	0.151839966324066	0.0721895481356777	0.107328061334046	0	0.0947700760716785	0	0.0421434585907656	0.0387837803856526	0	0.0791258845238936	0.0502922375597049	0.0353363081979656	0.00458878973722259	0.144673052595964	0	0	0.0166196484519063	0.00722535510678246	0	0.0188284034543139
GSE5281_GSM119619_Control	0.288819446240317	0	0.184025797541657	0	0.0844049456319736	0.0162323884307508	0	0.0276363948556335	0	0.0466094593936112	0.00199194524805316	0.0171725674598509	0.0476634492829123	0.0423820141117542	0	0.168316944689216	0	0	0.030827817254924	0	0.0403611381627639	0.00355569169658349
GSE5281_GSM119630_Control	0.206816070623706	0	0.26365926166531	0	0.0594837656767485	0	0.0566240425011704	0.0858808378041684	0	0	0.0536973798384195	0	0.0979968050259147	0.165770476547309	0	0	0	0	0.0100713603172535	0	0	0
GSE5281_GSM119633_Control	0.111237729257653	0	0.35793992668506	0.0426787377821858	0.122771145494543	0	0.129062784856848	0.0576648743431978	0.0302915385779991	0	0.00161747056020997	0	0.0428353756743352	0.0969388542622052	0.00633615807301431	0	0	0	0	0	0.000625404432748319	0
GSE5281_GSM119637_Control	0.184350320370444	0	0.291916092824721	0	0.0568278944341942	0	0.025611857247973	0.029913836951531	0	0.0388965717181993	0	0.0456440584941561	0.0930406988309328	0.0978285836155278	0	0.0225478862608067	0	0	0.0579970088683506	0	0.0554251903831631	0
GSE5281_GSM119641_Control	0	0.164363193159909	0.232064235626178	0.106062503420043	0.0873951035866236	0	0	0.115397432386775	0	0	0	0.0389955533829033	0	0.195740098951438	0	0	0	0	0.0522549649332834	0	0	0.00772691455284657
GSE5281_GSM119650_Control	0.25970987900859	0	0.0945085595452149	0	0.209891564498157	0.00195013983896541	0.123463891732738	0	0	0.0172600761465465	0.0494407615454007	0	0	0.105206305261565	0	0.112128926264818	0	0	0.0190294906014316	0	0.00712843038870542	0.000281975167866972
GSE5281_GSM119667_Control	0.183005537233709	0	0.322693841751909	0	0.0158639238062949	0.024732962404534	0.0836425443583255	0.0314934214785234	0	0	0.0680375897810901	0.00768264625193987	0.145665909542307	0.0597951905073684	0	0.0129309683601283	0	0	0	0	0.0444554645238702	0
GSE5281_GSM119672_Control	0.311874693271402	0	0.096948557239991	0.0785751103055354	0.0983655611554348	0	0	0.0995419408702418	0	0	0	0.0479543163367935	0.0186003172378351	0.0988331808280669	0	0	0	0	0	0.0164483029129097	0.132858019841789	0
GSE5281_GSM238763_Treat	0.302163987873645	0	0.191121573328583	0.104439150933753	0	0.0143548845573266	0.0198209355895689	0	0	0	0.0110341796458203	0.0307816600950688	0	0.168235640584947	0	0	0	0	0	0.0362304765273281	0.0701408852682039	0.0516766255957553
GSE5281_GSM238791_Treat	0.330447812792388	0	0.171180407204435	0	0.155445320620604	0	0.0026332217935447	0.00830972360174467	0	0.0556923033439534	0	0.0444979311766313	0	0	0.0230060763358793	0.137856858021706	0	0	0.0709303451091135	0	0	0
GSE5281_GSM238792_Treat	0.0946619801644366	0.0534254576206338	0.190764629797938	0.135976708970746	0.0942835933583878	0	0.106123430446051	0	0.0107551568997393	0	0.0527451190708799	0.0119900477195793	0.0723593260856762	0.011143776870764	0.00269343375787093	0.133008844497865	0	0	0.030068494739433	0	0	0
GSE5281_GSM238794_Treat	0.143644163091444	0.000766123209003186	0.251674093208475	0.0133123356396027	0.0757858495239221	0	0.00216271887670399	0.038364167162777	0	0.0218761113988824	0	0.0557303526219143	0.115921081758066	0.0749678912904686	0.0114505775291972	0.100447656672381	0	0	0.0938968780171618	0	0	0
GSE5281_GSM238795_Treat	0.207314035093701	0	0.131115690955631	0.112269983641889	0.0987426003600417	0	0	0.0523368755899451	0.00273419794575625	0.00387279901430504	0	0.0748441464600194	0.0226848815587508	0	0.00750759629692896	0.13936852376564	0	0	0.0557265629746169	0	0.0387906307135666	0.0526914756292083
GSE5281_GSM238797_Treat	0.137442405076275	0	0.204510131441725	0.0489886741281362	0.134014459804012	0	0.0597362524774611	0	0	0	0	0.0548335880468661	0.0669134133599576	0.0553144933634796	0.0068963343445296	0.101086705211523	0	0.0103210349348401	0.110398510659279	0	0.00954399715191569	0
GSE5281_GSM238801_Treat	0.198329660422451	0	0.247877157751118	0.0221382711144903	0.00514641538027265	0	0.0243047328010079	0.0158293480457784	0	0	0	0.0055690616355237	0.118710896528572	0	0	0.264067062227466	0.00585712664208	0.000751824181872778	0.0290194942971058	0	0.05501419818333	0.00738475078893217
GSE5281_GSM238803_Treat	0.0853208653452352	0	0.342836022751796	0.0506295082030323	0.0834322386394089	0	0.0625203359449903	0.0768189256131005	0.00450826786135652	0.0247208753701147	0	0	0.0744033142369919	0.134829219749979	0.01381035743652	0	0	0	0.00273777595717662	0	0	0.0434322928902979
GSE5281_GSM238807_Treat	0	0.150653209461198	0.161282084680303	0.0130566058735767	0.188453350356285	0	0.150751829464579	0	0	0	0.0306611679113633	0.0485958857263349	0.135103618097712	0.0740530886742799	0.0139361378559716	0	0	0	0.0248509656359732	0	0.00860205626242412	0
GSE5281_GSM238808_Treat	0.144724255910405	0	0.226654977589441	0.0131603217007357	0	0.0367300718508807	0	0.101289852169392	0	0.00917686393392927	0	0.0603678059266635	0.0698029229900042	0	0	0.208879526284986	0	0	0.120534713806254	0	0.00867868783730883	0
GSE5281_GSM238819_Treat	0.230324890742495	0	0.203440410526166	0.0387568670554404	0.0708363305723051	0	0	0.118222525148891	0	0.0111551908049819	0	0.0108185146218364	0.0305831455952329	0.161561045062065	0.0151849400241547	0.0128436790480702	0	0	0.0962724607983615	0	0	0
GSE5281_GSM238821_Treat	0.163252178210855	0	0.365885668353175	0	0	0.076959110431138	0	0.0141676195681207	0	0	0.0648364972667724	0	0.0653711843894934	0.119156499677579	0.0146184741018747	0.073159332341108	0	0	0	0	0.0425934356598843	0
GSE5281_GSM238823_Treat	0.152539489689972	0	0.0630810512414295	0.030420432881634	0.0326079710270191	0	0	0.106841885560634	0	0	0.0150802021856871	0.0387463547846823	0.0894668088406909	0.000866210282969007	0	0.297781865882996	0	0.0323459187908482	0.0595514177522217	0	0.0143965172911102	0.0662738737881051
GSE5281_GSM238826_Treat	0.096293245084772	0	0.20799783731538	0	0.132781564000403	0	0.0864523558011396	0.028060414797089	0	0.0747205643782383	0	0.077654225491265	0.134459440526029	0.136612550205356	0	0	0	0.00281438497588581	0.0221534174244418	0	0	0
GSE5281_GSM238837_Treat	0.165653792962471	0	0.31756817971091	0.102732482244095	0.00455229392793268	0.0240866350071328	0.00238060602439377	0	0	0.104169092839474	0	0	0.0405558083780942	0.145186108437528	0.00237736981534072	0.0719943279147284	0	0	0	0.0157181045805239	0	0.00302519815737472
GSE5281_GSM238844_Treat	0.130769575937261	0	0.301453728981927	0.00902620817477491	0.147107444916642	0	0.0176245690556528	0.0406120779924955	0	0	0.0244851941380607	0.0623675339343238	0.0104479648414072	0.0412151007378513	0	0.101972244621787	0	0	0.0494889491029423	0	0	0.0634294075648749
GSE5281_GSM238855_Treat	0.0766595262577783	0	0.356358898374111	0	0	0.057800453625813	0	0.0539540299106178	0	0.0558513880629069	0	0.0506212477692612	0.0342348793026733	0.0861128472424278	0.0255443926574834	0.16457243950731	0	0	0.0190489951557965	0.0179039234054967	0	0.00133697872832331
GSE5281_GSM238858_Treat	0.0604022770806133	0.00894747869006791	0.312276519716674	0.0723044917601908	0	0	0.120508203232075	0	0	0	0.0509406041643906	0	0.0746567857310352	0.200379610873209	0	0	0	0	0.0358821415662944	0	0	0.0637018871854499
GSE5281_GSM238864_Treat	0.217327932309804	0	0.276235408212372	0.0164618690196542	0.0501057910540754	0	0.0582174252662475	0.0289165962688877	0	0.116044189450773	0	0.0168458695140046	0.0208701472467874	0.0541226268811123	0	0.0680481603278773	0	0.00743828843802113	0.0527574535882752	0	0	0.0166082424221084
GSE5281_GSM238941_Treat	0.266653411433346	0	0.0492906962137571	0	0.095764072789421	0	0.0222217412820417	0.00574764121805004	0	0.095003482573614	0	0.00959410076318449	0.0983651048527337	0.000565552603723565	0.0169740699100331	0.29654867301773	0	0	0.0432714533423658	0	0	0
GSE5281_GSM238955_Treat	0	0.0879643295228247	0.370800130654207	0.0835007877065513	0.0514457938025979	0	0.0947708744342979	0.0387736603371957	0.00680026209817512	0.00707458390967719	0.025024416088685	0	0.0160228320431902	0.0609600601139735	0.0120508448614836	0	0.0166412146356105	0	0.0289709664358004	0	0.054876598965448	0.0443226443902818
GSE5281_GSM238963_Treat	0.0508411069827488	0	0.406020172589112	0	0.0836562515330525	0	0	0.0504788731387371	0	0.0377233419937717	0	0.0173208769381565	0.125175689169164	0.111999037520475	0.0221049019615262	0	0	0	0.0233350851979061	0	0	0.0713446629753502
GSE97760_GSM2577055_Control	0	0.0578114119479073	0.200990558494077	0.023021492682334	0.0723410902891404	0	0	0.0375251766065355	0.0010640538066476	0	0.0678289499462379	0.0538277409155868	0.144205034653267	0.225613836136258	0	0	0	0	0.0771406952606807	0	0	0.0386299592613287
GSE97760_GSM2577059_Treat	0.440808567827664	0	0.238437542277746	0.0267634606634169	0.13342361136194	0	0	0.0591278155776741	0.0206773515474336	0	0.00772778581136679	0.0195202809339233	0.0209610204474476	0.00946172059169724	0	0	0.0194271097118864	0	0	0.000896748715385847	0.0027669845324182	0
GSE97760_GSM2577060_Treat	0.182850934789443	0	0.0930021081789172	0.130125540806155	0.1001315516215	0.275037501154353	0.0638814201406084	0	0	0	0	0.0507294413003693	0.0197448245837978	0	0	0.0121408976486551	0	0.0251015253447788	0.0254820202359606	0	0.0124002163333744	0.00937201786208757
GSE97760_GSM2577061_Treat	0.48905388210701	0	0.272618445892276	0.0681937605258411	0.0238499805296523	0	0.0285001195436882	0	0	0	0.000500528929264301	0	0	0.0647322511412037	0	0	0	0.00931555239812178	0.0432354789329429	0	0	0
GSE97760_GSM2577062_Treat	0.155841808016362	0	0.123058630797557	0	0.106723101978521	0	0.0984002729401626	0	0	0.00662885542574718	0.0194917500542175	0	0.0626223874915054	0.139350730410345	0.0196991932834288	0.096812241089811	0	0	0.0410937356242551	0	0	0.130277292888087
GSE97760_GSM2577063_Treat	0.446115676941451	0	0.166488055093763	0.00444498882668355	0	0	0.0127090439767783	0.079845747911866	0	0.0136608945842076	0.0183665557005615	0.00278754988373362	0.0704369332534909	0.14652485966802	0	0.00456530084578887	0	0	0	0.0178548717224058	0	0.0161995215912501
GSE97760_GSM2577064_Treat	0.00198481824167975	0	0.193385421475221	0.150188923075202	0	0.044869955372722	0.0883429552084175	0.0945475224251304	0	0.0416333777451636	0	0.0252980161414834	0.0724309373537619	0	0.0163250432578216	0.138966045342205	0	0	0	0.0436883333509422	0.088338651010251	0
